43,4
43,3
43,2
43,1
43,0
42,3
42,2
42,1
42,0
41,3
41,2
41,1
41,0
40,3
40,2
40,1
40,0
39,4
39,3
39,2
39,1
39,0
38,3
10,122
38,2
38,1
38,0
35,5
35,4
10,204
35,3
10,302
35,2
35,1
35,0
10,160
10,178
10,244
10,246
10,168
11,11
11,5
11,24
11,4
11,7
11,8
9,4
9,6
26,4
26,3
8,17
8,12
8,6
8,9
26,2
26,1
26,0
11,23
11,21
11,20
12,2
12,1
11,19
11,13
11,12
12,3
11,9
11,3
11,2
11,1
10,291
10,239
20,2
20,1
10,237
20,3
10,225
10,219
10,153
10,151
19,2
19,1
10,149
10,3
19,3
10,2
10,1
9,7
9,5
9,3
9,2
9,1
8,15
8,13
18,1
18,3
14,1
14,3
13,1
